%YAML:1.0

#--------------------------------------------------------------------------------------------
# Camera Parameters. Adjust them!
#--------------------------------------------------------------------------------------------
Camera.type: "PinHole"

# Left Camera calibration and distortion parameters (OpenCV)
Camera.fx: 2.8867617482025264e+02
Camera.fy: 2.8793685019998662e+02
Camera.cx: 4.2525255975157467e+02
Camera.cy: 3.9432239790672384e+02

# PinHole distortion parameters
Camera.k1: 1.7029733791207990e-02
Camera.k2: -3.4635407304171380e-03
Camera.p1: 1.6130201108288472e-02
Camera.p2: -1.5042757465200049e-02

# Right Camera calibration and distortion parameters (OpenCV)
Camera2.fx: 303.723175 
Camera2.fy: 301.946369
Camera2.cx: 454.155825
Camera2.cy: 395.066367

# PinHole distortion parameters
Camera2.k1: -0.229216     
Camera2.k2: 0.035966
Camera2.p1: 0.000039
Camera2.p2: -0.004550
    
# Transformation matrix from right camera to left camera
Tlr: !!opencv-matrix
  rows: 3
  cols: 4
  dt: f
  data: [ 0.9999411252356276, 0.001724774265428219, 0.010713132886021406, -0.06357291767834125,
          -0.0017355224147441234, 0.999997999908411, 0.000994052875333053, 6.242827075813476e-05,
          -0.010711396941956615, -0.0010125872329600702, 0.9999421186461949, -0.0007602738114222626]

# Lapping area between images
Camera.lappingBegin: 0
Camera.lappingEnd: 847

Camera2.lappingBegin: 0
Camera2.lappingEnd: 847

# Camera resolution
Camera.width: 848
Camera.height: 800

# Camera frames per second 
Camera.fps: 30.0

# Color order of the images (0: BGR, 1: RGB. It is ignored if images are grayscale)
Camera.RGB: 1

# Close/Far threshold. Baseline times.
ThDepth: 35.0
Camera.bf: 19.48914066

#--------------------------------------------------------------------------------------------
# Stereo Rectification. Only if you need to pre-rectify the images.
# Camera.fx, .fy, etc must be the same as in LEFT.P
#--------------------------------------------------------------------------------------------
LEFT.height: 800
LEFT.width: 848
LEFT.D: !!opencv-matrix
   rows: 1
   cols: 5
   dt: d
   data: [-0.230221, 0.036721, -0.002217, -0.006749, 0.000000]
LEFT.K: !!opencv-matrix
   rows: 3
   cols: 3
   dt: d
   data: [309.722767,0.000000,457.165293, 0.000000,311.915070,405.996477,0.000000,0.000000,1.000000] 
LEFT.R:  !!opencv-matrix
   rows: 3
   cols: 3
   dt: d
   data: [0.976116,-0.044283,0.212690,0.041887,0.998998,0.015760,-0.213175,-0.006475,0.976993]
LEFT.P:  !!opencv-matrix
   rows: 3
   cols: 4
   dt: d
   data: [309.478639,0.000000,378.465400,0.000000,0.000000,309.478639,399.319147,0.000000,0.000000,0.000000,1.000000,0.000000]

RIGHT.height: 800
RIGHT.width: 848
RIGHT.D: !!opencv-matrix
   rows: 1
   cols: 5
   dt: d
   data: [-0.229216,0.035966,0.000039,-0.004550,0.000000]
RIGHT.K: !!opencv-matrix
   rows: 3
   cols: 3
   dt: d
   data: [303.723175,0.000000,454.155825,0.000000,301.946369,395.066367,0.000000,0.000000,1.000000]
RIGHT.R:  !!opencv-matrix
   rows: 3
   cols: 3
   dt: d
   data: [0.981261,-0.039298,0.188631,0.041415,0.999115,-0.007294,-0.188178,0.014969,0.982021]
RIGHT.P:  !!opencv-matrix
   rows: 3
   cols: 4
   dt: d
   data: [309.478639,0.000000,378.465400,-19.551602,0.000000,309.478639,399.319147,0.000000,0.000000,0.000000,1.000000,0.000000]




# Transformation from body-frame (imu) to left camera
Tbc: !!opencv-matrix
   rows: 4
   cols: 4
   dt: f
   data: [-0.99967008, 0.00383731, -0.02539712, 0.00381778,
          -0.00379978, -0.99999162, -0.00152601,  0.0547511,
         -0.02540276, -0.00142901, 0.99967628, -0.03778417,
          0.0, 0.0, 0.0, 1.0]

# IMU noise (Use those from VINS-mono)
IMU.NoiseGyro: 0.00531091888368 # 0.004 (VINS) # 0.00016 (TUM) # 0.00016    # rad/s^0.5 
IMU.NoiseAcc: 0.0188670828051 # 0.04 (VINS) # 0.0028 (TUM) # 0.0028     # m/s^1.5
IMU.GyroWalk: 2.01765706199e-05 # 0.000022 (VINS and TUM) rad/s^1.5
IMU.AccWalk: 0.000515451463717 # 0.0004 (VINS) # 0.00086 # 0.00086    # m/s^2.5
IMU.Frequency: 200



#--------------------------------------------------------------------------------------------
# ORB Parameters
#--------------------------------------------------------------------------------------------

# ORB Extractor: Number of features per image
ORBextractor.nFeatures: 1000 # Tested with 1250

# ORB Extractor: Scale factor between levels in the scale pyramid 	
ORBextractor.scaleFactor: 1.2

# ORB Extractor: Number of levels in the scale pyramid	
ORBextractor.nLevels: 8

# ORB Extractor: Fast threshold
# Image is divided in a grid. At each cell FAST are extracted imposing a minimum response.
# Firstly we impose iniThFAST. If no corners are detected we impose a lower value minThFAST
# You can lower these values if your images have low contrast			
ORBextractor.iniThFAST: 20 # 20
ORBextractor.minThFAST: 7 # 7

#--------------------------------------------------------------------------------------------
# Viewer Parameters
#--------------------------------------------------------------------------------------------
Viewer.KeyFrameSize: 0.05
Viewer.KeyFrameLineWidth: 1
Viewer.GraphLineWidth: 0.9
Viewer.PointSize: 2
Viewer.CameraSize: 0.08
Viewer.CameraLineWidth: 3
Viewer.ViewpointX: 0
Viewer.ViewpointY: -0.7
Viewer.ViewpointZ: -3.5
Viewer.ViewpointF: 500
