%YAML:1.0

#--------------------------------------------------------------------------------------------
# Camera Parameters. Adjust them!
#--------------------------------------------------------------------------------------------
Camera.type: "KannalaBrandt8"

# Left Camera calibration and distortion parameters (OpenCV)
Camera.fx: 2.8867617482025264e+02
Camera.fy: 2.8793685019998662e+02
Camera.cx: 4.2525255975157467e+02
Camera.cy: 3.9432239790672384e+02

# Kannala-Brandt distortion parameters
Camera.k1: 1.7029733791207990e-02
Camera.k2: -3.4635407304171380e-03
Camera.k3: 1.6130201108288472e-02
Camera.k4: -1.5042757465200049e-02

# Right Camera calibration and distortion parameters (OpenCV)
Camera2.fx:  2.8931145792603087e+02
Camera2.fy: 2.8863250017918887e+02
Camera2.cx: 4.2911064479158938e+02
Camera2.cy: 3.9498123006373157e+02

# Kannala-Brandt distortion parameters
Camera2.k1: -4.1327943565168095e-03
Camera2.k2: 4.8400127674545920e-02
Camera2.k3: -3.3604477372981133e-02
Camera2.k4: 1.1073349858711462e-03
    
# Transformation matrix from right camera to left camera
Tlr: !!opencv-matrix
  rows: 3
  cols: 4
  dt: f
  data: [ 0.999999194832771, 0.001183517381724002, -0.0004578432230314514,   -0.0640629,
             -0.001186196525374582, 0.9999819129493873, -0.005896330374656577,   -0.000119929,
            0.000450856532511101, 0.005896868719164916, 0.9999825116809273,    -0.00019212]

# Lapping area between images
Camera.lappingBegin: 0
Camera.lappingEnd: 847

Camera2.lappingBegin: 0
Camera2.lappingEnd: 847

# Camera resolution
Camera.width: 848
Camera.height: 800

# Camera frames per second 
Camera.fps: 30.0

# Color order of the images (0: BGR, 1: RGB. It is ignored if images are grayscale)
Camera.RGB: 1

# Close/Far threshold. Baseline times.
ThDepth: 40.0
Camera.bf: 18.493677972


# Transformation from body-frame (imu) to left camera
Tbc: !!opencv-matrix
   rows: 4
   cols: 4
   dt: f
   data: [-0.99967008, 0.00383731, -0.02539712, 0.00381778,
          -0.00379978, -0.99999162, -0.00152601,  0.0547511,
         -0.02540276, -0.00142901, 0.99967628, -0.03778417,
          0.0, 0.0, 0.0, 1.0]

# IMU noise (Use those from VINS-mono)
IMU.NoiseGyro: 0.00531091888368 # 0.004 (VINS) # 0.00016 (TUM) # 0.00016    # rad/s^0.5 
IMU.NoiseAcc: 0.0188670828051 # 0.04 (VINS) # 0.0028 (TUM) # 0.0028     # m/s^1.5
IMU.GyroWalk: 2.01765706199e-05 # 0.000022 (VINS and TUM) rad/s^1.5
IMU.AccWalk: 0.000515451463717 # 0.0004 (VINS) # 0.00086 # 0.00086    # m/s^2.5
IMU.Frequency: 200

#--------------------------------------------------------------------------------------------
# ORB Parameters
#--------------------------------------------------------------------------------------------

# ORB Extractor: Number of features per image
ORBextractor.nFeatures: 1000 # Tested with 1250

# ORB Extractor: Scale factor between levels in the scale pyramid 	
ORBextractor.scaleFactor: 1.2

# ORB Extractor: Number of levels in the scale pyramid	
ORBextractor.nLevels: 8

# ORB Extractor: Fast threshold
# Image is divided in a grid. At each cell FAST are extracted imposing a minimum response.
# Firstly we impose iniThFAST. If no corners are detected we impose a lower value minThFAST
# You can lower these values if your images have low contrast			
ORBextractor.iniThFAST: 20 # 20
ORBextractor.minThFAST: 7 # 7

#--------------------------------------------------------------------------------------------
# Viewer Parameters
#--------------------------------------------------------------------------------------------
Viewer.KeyFrameSize: 0.05
Viewer.KeyFrameLineWidth: 1
Viewer.GraphLineWidth: 0.9
Viewer.PointSize: 2
Viewer.CameraSize: 0.08
Viewer.CameraLineWidth: 3
Viewer.ViewpointX: 0
Viewer.ViewpointY: -0.7
Viewer.ViewpointZ: -3.5
Viewer.ViewpointF: 500
