%YAML:1.0

#--------------------------------------------------------------------------------------------
# Camera Parameters. Adjust them!
#--------------------------------------------------------------------------------------------
Camera.type: "PinHole"

# Left Camera calibration and distortion parameters (OpenCV)
Camera.fx: 306.56357097653495 
Camera.fy: 305.56042118353184
Camera.cx: 434.2944063512854
Camera.cy: 394.2731238071397

# PinHole distortion parameters
Camera.k1: -0.28394309239916604
Camera.k2: 0.06846916170247387
Camera.p1: 6.813344248087167e-05
Camera.p2: -0.003363583581458696

# Right Camera calibration and distortion parameters (OpenCV)
Camera2.fx: 307.0145428737875 
Camera2.fy: 305.70433211159366
Camera2.cx: 434.39538239909575
Camera2.cy:  392.8478563244833

# PinHole distortion parameters
Camera2.k1: -0.28770827311876207 
Camera2.k2: 0.07146524167094274
Camera2.p1: 0.00045536748109210147
Camera2.p2: -0.0023976845889413247
    
# Transformation matrix from right camera to left camera
Tlr: !!opencv-matrix
  rows: 3
  cols: 4
  dt: f
  data: [ 0.9999411252356276, 0.001724774265428219, 0.010713132886021406, -0.06357291767834125,
          -0.0017355224147441234, 0.999997999908411, 0.000994052875333053, 6.242827075813476e-05,
          -0.010711396941956615, -0.0010125872329600702, 0.9999421186461949, -0.0007602738114222626]

# Lapping area between images
Camera.lappingBegin: 0
Camera.lappingEnd: 847

Camera2.lappingBegin: 0
Camera2.lappingEnd: 847

# Camera resolution
Camera.width: 848
Camera.height: 800

# Camera frames per second 
Camera.fps: 30.0

# Color order of the images (0: BGR, 1: RGB. It is ignored if images are grayscale)
Camera.RGB: 1

# Close/Far threshold. Baseline times.
ThDepth: 35.0
Camera.bf: 19.48914066

#--------------------------------------------------------------------------------------------
# Stereo Rectification. Only if you need to pre-rectify the images.
# Camera.fx, .fy, etc must be the same as in LEFT.P
#--------------------------------------------------------------------------------------------
LEFT.height: 800
LEFT.width: 848
LEFT.D: !!opencv-matrix
   rows: 1
   cols: 5
   dt: d
   data: [-0.28394309239916604, 0.06846916170247387, 6.813344248087167e-05,-0.003363583581458696, 0.0]
LEFT.K: !!opencv-matrix
   rows: 3
   cols: 3
   dt: d
   data: [285.39599609375, 0.0, 428.7572937011719, 0.0, 286.3768005371094, 410.7749938964844, 0.0, 0.0, 1.0] 
LEFT.R:  !!opencv-matrix
   rows: 3
   cols: 3
   dt: d
   data: [1.0, 0.0, 0.0, 0.0, 1.0, 0.0, 0.0, 0.0, 1.0]
LEFT.P:  !!opencv-matrix
   rows: 3
   cols: 4
   dt: d
   data: [285.39599609375, 0.0, 428.7572937011719, 0.0, 0.0, 286.3768005371094, 410.7749938964844, 0.0, 0.0, 0.0, 1.0, 0.0]

RIGHT.height: 800
RIGHT.width: 848
RIGHT.D: !!opencv-matrix
   rows: 1
   cols: 5
   dt: d
   data: [-0.003943577874451876, 0.04089004918932915, -0.0393802784383297, 0.007030018139630556, 0.0]
RIGHT.K: !!opencv-matrix
   rows: 3
   cols: 3
   dt: d
   data: [284.12689208984375, 0.0, 426.5628967285156, 0.0, 285.0443115234375, 410.5220031738281, 0.0, 0.0, 1.0]
RIGHT.R:  !!opencv-matrix
   rows: 3
   cols: 3
   dt: d
   data: [1.0, 0.0, 0.0, 0.0, 1.0, 0.0, 0.0, 0.0, 1.0]
RIGHT.P:  !!opencv-matrix
   rows: 3
   cols: 4
   dt: d
   data: [284.12689208984375, 0.0, 426.5628967285156, 0.0, 0.0, 285.0443115234375, 410.5220031738281, 0.0, 0.0, 0.0, 1.0, 0.0]






#--------------------------------------------------------------------------------------------
# ORB Parameters
#--------------------------------------------------------------------------------------------

# ORB Extractor: Number of features per image
ORBextractor.nFeatures: 1000 # Tested with 1250

# ORB Extractor: Scale factor between levels in the scale pyramid 	
ORBextractor.scaleFactor: 1.2

# ORB Extractor: Number of levels in the scale pyramid	
ORBextractor.nLevels: 8

# ORB Extractor: Fast threshold
# Image is divided in a grid. At each cell FAST are extracted imposing a minimum response.
# Firstly we impose iniThFAST. If no corners are detected we impose a lower value minThFAST
# You can lower these values if your images have low contrast			
ORBextractor.iniThFAST: 20 # 20
ORBextractor.minThFAST: 7 # 7

#--------------------------------------------------------------------------------------------
# Viewer Parameters
#--------------------------------------------------------------------------------------------
Viewer.KeyFrameSize: 0.05
Viewer.KeyFrameLineWidth: 1
Viewer.GraphLineWidth: 0.9
Viewer.PointSize: 2
Viewer.CameraSize: 0.08
Viewer.CameraLineWidth: 3
Viewer.ViewpointX: 0
Viewer.ViewpointY: -0.7
Viewer.ViewpointZ: -3.5
Viewer.ViewpointF: 500
