%YAML:1.0
---
camera_name: "908412110271_left"
image_width: 848
image_height: 800
camera_matrix:
   rows: 3
   cols: 3
   data: [ 2.8867617482025264e+02, 0., 4.2525255975157467e+02, 0.,
       2.8793685019998662e+02, 3.9432239790672384e+02, 0., 0., 1. ]
distortion_coefficients:
   rows: 1
   cols: 4
   data: [ 1.7029733791207990e-02, -3.4635407304171380e-03,
       1.6130201108288472e-02, -1.5042757465200049e-02 ]
distortion_model: equidistant
rectification_matrix:
   rows: 3
   cols: 3
   data: [ 9.9999207732108697e-01, 3.0731977272790041e-03,
       2.5299705109576146e-03, -3.0657366971967828e-03,
       9.9999095620055567e-01, -2.9476729129874362e-03,
       -2.5390064121086665e-03, 2.9398933360831369e-03,
       9.9999245520834379e-01 ]
projection_matrix:
   rows: 3
   cols: 4
   data: [ 2.8867617482025264e+02, 0., 4.2010452651977539e+02, 0., 0.,
       2.8867617482025264e+02, 4.0427872467041016e+02, 0., 0., 0., 1.,
       0. ]
