%YAML:1.0
---
camera_name: "908412110271_right"
image_width: 848
image_height: 800
camera_matrix:
   rows: 3
   cols: 3
   data: [ 2.8931145792603087e+02, 0., 4.2911064479158938e+02, 0.,
       2.8863250017918887e+02, 3.9498123006373157e+02, 0., 0., 1. ]
distortion_coefficients:
   rows: 1
   cols: 4
   data: [ -4.1327943565168095e-03, 4.8400127674545920e-02,
       -3.3604477372981133e-02, 1.1073349858711462e-03 ]
distortion_model: equidistant
rectification_matrix:
   rows: 3
   cols: 3
   data: [ 9.9999375101331189e-01, 1.8720374727078950e-03,
       2.9989014700903334e-03, -1.8808779784717801e-03,
       9.9999388633306807e-01, 2.9478118184929781e-03,
       -2.9933647216188720e-03, -2.9534339653908637e-03,
       9.9999115845864117e-01 ]
projection_matrix:
   rows: 3
   cols: 4
   data: [ 2.8867617482025264e+02, 0., 4.2010452651977539e+02,
       -1.8330937101086043e+01, 0., 2.8867617482025264e+02,
       4.0427872467041016e+02, 0., 0., 0., 1., 0. ]
