%YAML:1.0
---
camera_name: "908412110271"
rotation_matrix:
   rows: 3
   cols: 3
   data: [ 9.9999919483277100e-01, 1.1835173817240020e-03,
       -4.5784322303145137e-04, -1.1861965253745820e-03,
       9.9998191294938732e-01, -5.8963303746565774e-03,
       4.5085653251110099e-04, 5.8968687191649155e-03,
       9.9998251168092733e-01 ]
translation_matrix:
   rows: 3
   cols: 1
   data: [ -6.3499603189345305e-02, -1.1887437951695135e-04,
       -1.9043024335073613e-04 ]
